0.0          1.01449275  2.02898551  3.04347826  4.05797101  5.07246377
  6.08695652  7.10144928  8.11594203  9.13043478 10.14492754 11.15942029
 12.17391304 13.1884058  14.20289855 15.2173913  16.23188406 17.24637681
 18.26086957 19.27536232 20.28985507 21.30434783 22.31884058 23.33333333
 24.34782609 25.36231884 26.37681159 27.39130435 28.4057971  29.42028986
 30.43478261 31.44927536 32.46376812 33.47826087 34.49275362 35.50724638
 36.52173913 37.53623188 38.55072464 39.56521739 40.57971014 41.5942029
 42.60869565 43.62318841 44.63768116 45.65217391 46.66666667 47.68115942
 48.69565217 49.71014493 50.72463768 51.73913043 52.75362319 53.76811594
 54.7826087  55.79710145 56.8115942  57.82608696 58.84057971 59.85507246
 60.86956522 61.88405797 62.89855072 63.91304348 64.92753623 65.94202899
 66.95652174 67.97101449 68.98550725 70.0       

